1111111111111111111111111111111111111111111111111111111111111111111111111111111111111111111111111111
1111111111111111111111111111111100000000000000000000000000001111111111111111111111111111111111111111
1111111111111111111111111111111000000000000000000000000000000000001111111111111111111111111111111111
1111111111111111111111111111110001111111111111111111111100000000000001111111111111111111111111111111
1111111111111111111111111111100011111111111110000010111111111110000000111111111111111111111111111111
1111111111111111111111111111000111111111110111111111111000111111100000001111111111111111111111111111
1111111111111111111111111111001111111111101111111111111111111111111110000011111111111111111111111111
1111111111111111111111111111011111111110111111111111111111111111111111100001111111111111111111111111
1111111111111111111111111110011111111101111110000000011111111111111111111000111111111111111111111111
1111111111111111111111111100111111111011110011111111111011111111100011011100011111111111111111111111
1111111111111111111111111100111111111111001111111111111111111111111111111110011111111111111111111111
1111111111111111111111111100111111101110111111111111111111111111111111111111001111111111111111111111
1111111111111111111111111001111111111111110011111111111111111111111111111111000111111111111111111111
1111111111111111111111111001111110111111011111111111111111111111000011111111100111111111111111111111
1111111111111111111111111011111111110110111111111101111111111011111111111111110111111111111111111111
1111111111111111111111111011111111101101111111111111111111111111111111011111110011111111111111111111
1111111111111111111111110011111111111011111111111111111111111111111111111111110011111111111111111111
1111111111111111111111110011111111111111111111111110111111111011111111101111111011111111111111111111
1111111111111111111111110111111111110111111111111111111111111011111111111111111011111111111111111111
1111111111111111111111100111111111101111111111111111111111111111111111111111111011111111111111111111
1111111111111111111111100111111111111111110000111111111111111111111111111111111011111111111111111111
1111111111111111111111101111111111111110000000001111111111111111111111111111111011111111111111111111
1111111111111111111111001111111111111100000000000111111111111111111111111111111001111111111111111111
1111111111111111111111001111111111111000000001100011111111111111110001111111111001111111111111111111
1111111111111111111110011111111111111000000001110001111111111111000000011111111100111111111111111111
1111111111111111111100011111111111110010000001111000111111111100000000011111111100111111111111111111
1111111111111111111100011111111111100100000001111100111111111100000000001111111110011111111111111111
1111111111111111111000100001111011100000000000011110011111111000000000001000100110001111111111111111
1111111111111111111001111111111111110000111000001110011111000000000000011111111011001111111111111111
1111111111111111110011111111111111111111111111000000111111000000000111111111111111101111111111111111
1111111111111111110101111000000111111111110111110000111111100001111111111111111101100111111111111111
1111111111111111100111110000000011111111110111111001111111110011111111111111110110100111111111111111
1111111111111111100111100001110001111111000111111111111111110011111111111111111011100111111111111111
1111111111111111101111100111110000011110001111111111111111110011111111111100001111000111111111111111
1111111111111111001011101111111100000000011111111111111111110011111111111000001101110111111111111111
1111111111111111001111001111011110000000011111111111111111110011111111110000000101110111111111111111
1111111111111111011011001111011111111111111111111111111111110011111100100111110101110111111111111111
1111111111111111011111011111001111111111111111111111111111110011111100000111111111110111111111111111
1111111111111111011011011111001111111111111111111111111111111001111110000111111111110111111111111111
1111111111111111011010011110000011111111111111111111111111111000111111111101111111110111111111111111
1111111111111111011111011100010001111111111111110000111111111110011111111101111111110111111111111111
1111111111111111011010011000011000111111111111110000111111111110011111111100111111100111111111111111
1111111111111111011011010000011100011111100011110111111111111110001111111100111111000111111111111111
1111111111111111011011011110011110000111111111100111111111111110000111111100111111100111111111111111
1111111111111111001111011110011111000011111111110111000111111110000111111100011111101111111111111111
1111111111111111001111011111011111100000111111100110000011111110001111111100011111101111111111111111
1111111111111111001111001111001111100000001111110110110111111100111110111000011011001111111111111111
1111111111111111101111101111000111110100000111110010111111111101111111111000010111001111111111111111
1111111111111111100101111111000111110111000001111011111111011001111111110001011111011111111111111111
1111111111111111100110111111100001110111110000011111111111000011111111100001011110011111111111111111
1111111111111111110011011111100000110111111100000111111111000011111111000100011110011111111111111111
1111111111111111110011111111100000010011111110000001111111111111111110000100011110111111111111111111
1111111111111111111001111111110100000011111111000000001111111111111000010100011110111111111111111111
1111111111111111111001111111110011000001111111011100000000000000000000110110011110111111111111111111
1111111111111111111100111111110011100000111111011111100000000000000001110110011110111111111111111111
1111111111111111111100111111111011100000001111011111110000000000011101110110011110111111111111111111
1111111111111111111110011111111001110000000110011111111011111001111101110110011110111111111111111111
1111111111111111111110011111111101110100000000011111111011111001111101110000011110111111111111111111
1111111111111111111111011111111100110111000000011111111011111011111101110000011110111111111111111111
1111111111111111111111001111111110110111100000000111111011111001111100100000011110111111111111111111
1111111111111111111111001111111110010111111000000000110001111001100000000000011110111111111111111111
1111111111111111111111101111111110000111111100000000000000000000000000000000011110111111111111111111
1111111111111111111111100111111111001111111100000000000000000000000000000000011110111111111111111111
1111111111111111111111100111111111100111111110100000000000000000000000000000011110111111111111111111
1111111111111111111111110111111111100111111100111000000000000000000000000000011110111111111111111111
1111111111111111111111110111111111110011111100111110000000000000000000000001011110111111111111111111
1111111111111111111111110011111111111001111100111111100000000000000000000000011110111111111111111111
1111111111111111111111111011111111111001111100111111100100000000000000001010011110111111111111111111
1111111111111111111111111001111111111100111101111111100111110000000001001010011110111111111111111111
1111111111111111111111111001111111111110011001111111100111110011110111011010111110111111111111111111
1111111111111111111111111100111111111111000001111111101111110011110110010000111110111111111111111111
1111111111111111111111111110011111111111000001111111100111110011100110011000111110111111111111111111
1111111111111111111111111110011011111111110001111111101111110011100110011001111110111111111111111111
1111111111111111111111111111001111111111110000011111100111110011100110110001111110111111111111111111
1111111111111111111111111111001110111111111100000111101111110111101110000011111110111111111111111111
1111111111111111111111111111100111011111111111000000000111110111000000000111111110111111111111111111
1111111111111111111111111111110011111111011111110000000000000000000000011111111110111111111111111111
1111111111111111111111111111110001111111101111111110000000000000000001111111111110111111111111111111
1111111111111111111111111111111100111111111111111111111111111111111111111111111110111111111111111111
1111111111111111111111111111111100011110111101111111111111111111111111111111111110111111111111111111
1111111111111111111111111111111110001111111110111111111111111111111111111011111110111111111111111111
1111111111111111111111111111111111000011110111111111111111000001111111111111111110111111111111111111
1111111111111111111111111111111111100001111011110111111111111111111111110111111110111111111111111111
1111111111111111111111111111111111111000111110111101111111111111111111111111101110111111111111111111
1111111111111111111111111111111111111100011111101111100000111111111111111111111110111111111111111111
1111111111111111111111111111111111111110000111111001111111111100100111111111011110111111111111111111
1111111111111111111111111111111111111111000011111111011111111111111111111111111110111111111111111111
1111111111111111111111111111111111111111100001111111110001111111111111111101111110111111111111111111
1111111111111111111111111111111111111111111000111111111111100011111111111011111110111111111111111111
1111111111111111111111111111111111111111111100011111111111111111111111111111111110111111111111111111
1111111111111111111111111111111111111111111110001111111111111111111111111111111100111111111111111111
1111111111111111111111111111111111111111111111000011111111111111111111111111111100111111111111111111
1111111111111111111111111111111111111111111111110001111111111111111111111111111001111111111111111111
1111111111111111111111111111111111111111111111111000001111111111111111111111111001111111111111111111
1111111111111111111111111111111111111111111111111100000111111111111111111111110001111111111111111111
1111111111111111111111111111111111111111111111111110000000111111111111111111110011111111111111111111
1111111111111111111111111111111111111111111111111111111000001111111111111111000111111111111111111111
1111111111111111111111111111111111111111111111111111111100000011111111111110001111111111111111111111
1111111111111111111111111111111111111111111111111111111111100000000000001000011111111111111111111111
1111111111111111111111111111111111111111111111111111111111111000000000000000111111111111111111111111
